0.8333333333333334
1.0
0.7777777777777778
0.7777777777777778
0.8333333333333334
0.8888888888888888
0.8333333333333334
0.8888888888888888
0.8333333333333334
0.7777777777777778
0.8333333333333334
1.0
0.7777777777777778
0.7777777777777778
0.8333333333333334
0.8888888888888888
0.8333333333333334
0.8888888888888888
0.8333333333333334
0.7777777777777778
0.8333333333333334
1.0
0.7777777777777778
0.7777777777777778
0.8333333333333334
0.8888888888888888
0.8333333333333334
0.8888888888888888
0.8333333333333334
0.7777777777777778
0.8333333333333334
1.0
0.7777777777777778
0.7777777777777778
0.8333333333333334
0.8888888888888888
0.8333333333333334
0.8888888888888888
0.8333333333333334
0.7777777777777778
0.8333333333333334
1.0
0.7777777777777778
0.7777777777777778
0.8333333333333334
0.8888888888888888
0.8333333333333334
0.8888888888888888
0.8333333333333334
0.7777777777777778
0.8333333333333334
1.0
0.7777777777777778
0.7777777777777778
0.8333333333333334
0.8888888888888888
0.8333333333333334
0.8888888888888888
0.8333333333333334
0.7777777777777778
0.8333333333333334
1.0
0.7777777777777778
0.7777777777777778
0.8333333333333334
0.7777777777777778
0.5555555555555556
0.7222222222222222
0.8333333333333334
0.8333333333333334
0.7222222222222222
0.7222222222222222
0.9444444444444444
