0.23333333333333334
0.3
0.3
0.2833333333333333
0.23333333333333334
0.23333333333333334
0.3
0.25
0.16666666666666666
0.2
0.23333333333333334
0.3
0.3
0.2833333333333333
0.23333333333333334
0.23333333333333334
0.3
0.25
0.16666666666666666
0.2
0.23333333333333334
0.3
0.3
0.2833333333333333
0.23333333333333334
0.23333333333333334
0.3
0.25
0.16666666666666666
0.2
0.23333333333333334
0.3
0.3
0.2833333333333333
0.23333333333333334
0.23333333333333334
0.3
0.25
0.16666666666666666
0.2
0.23333333333333334
0.3
0.3
0.2833333333333333
0.23333333333333334
0.23333333333333334
0.3
0.25
0.16666666666666666
0.2
0.23333333333333334
0.3
0.3
0.2833333333333333
