0.4666666666666667
0.4666666666666667
0.43333333333333335
0.4166666666666667
0.4666666666666667
0.4666666666666667
0.5166666666666667
0.4666666666666667
0.45
0.43333333333333335
0.4166666666666667
0.43333333333333335
0.4666666666666667
0.31666666666666665
0.5166666666666667
0.4166666666666667
0.4666666666666667
0.45
0.4666666666666667
0.4666666666666667
0.43333333333333335
0.4666666666666667
0.31666666666666665
0.43333333333333335
0.43333333333333335
0.4166666666666667
0.4166666666666667
0.4166666666666667
0.4666666666666667
0.4666666666666667
0.4666666666666667
0.4666666666666667
0.5166666666666667
0.43333333333333335
0.5166666666666667
0.45
0.4166666666666667
0.45
0.43333333333333335
0.4666666666666667
0.31666666666666665
0.43333333333333335
0.5166666666666667
0.4166666666666667
0.45
0.31666666666666665
0.43333333333333335
0.4666666666666667
0.4166666666666667
0.31666666666666665
0.4666666666666667
0.4166666666666667
0.43333333333333335
0.4666666666666667
0.4666666666666667
0.4166666666666667
0.4666666666666667
0.4666666666666667
0.4666666666666667
0.43333333333333335
0.43333333333333335
0.5166666666666667
0.4166666666666667
0.45
0.4166666666666667
0.4666666666666667
0.43333333333333335
0.5166666666666667
0.4666666666666667
0.31666666666666665
0.45
0.5166666666666667
0.4166666666666667
0.43333333333333335
0.4666666666666667
0.31666666666666665
0.45
0.4666666666666667
0.4166666666666667
0.43333333333333335
0.43333333333333335
0.4666666666666667
0.4166666666666667
0.31666666666666665
0.4666666666666667
0.4666666666666667
0.43333333333333335
