0.6176470588235294
0.6176470588235294
0.4411764705882353
0.5
0.6470588235294118
0.5882352941176471
0.5588235294117647
0.6764705882352942
0.3235294117647059
0.7352941176470589
0.6176470588235294
0.6176470588235294
0.4411764705882353
0.5
0.6470588235294118
0.5882352941176471
0.5588235294117647
0.6764705882352942
0.3235294117647059
0.7352941176470589
0.6176470588235294
0.6176470588235294
0.4411764705882353
0.5
0.6470588235294118
0.5882352941176471
0.5588235294117647
0.6764705882352942
0.3235294117647059
0.7352941176470589
0.6176470588235294
0.6176470588235294
0.4411764705882353
0.5
0.6470588235294118
0.5882352941176471
0.5588235294117647
0.6764705882352942
0.3235294117647059
0.7352941176470589
0.6176470588235294
0.6176470588235294
0.4411764705882353
0.5
0.6470588235294118
0.5882352941176471
0.5588235294117647
0.6764705882352942
0.3235294117647059
0.7352941176470589
0.6176470588235294
0.6176470588235294
0.4411764705882353
0.5
0.6470588235294118
0.5882352941176471
0.5588235294117647
0.6764705882352942
0.3235294117647059
0.7352941176470589
0.6176470588235294
0.6176470588235294
0.4411764705882353
0.5
0.6470588235294118
0.5882352941176471
0.5588235294117647
0.6764705882352942
0.3235294117647059
0.7352941176470589
0.6176470588235294
0.6176470588235294
0.4411764705882353
0.5
0.6470588235294118
0.5882352941176471
0.5588235294117647
0.6764705882352942
0.3235294117647059
0.7352941176470589
0.6176470588235294
0.6176470588235294
0.4411764705882353
0.5
0.6470588235294118
0.5882352941176471
0.5588235294117647
0.6764705882352942
0.3235294117647059
0.7352941176470589
