0.34
0.37333333333333335
0.36
0.3933333333333333
0.43333333333333335
0.36666666666666664
0.35333333333333333
0.35333333333333333
0.3
0.44
0.34
0.37333333333333335
0.36
0.3933333333333333
0.43333333333333335
0.36666666666666664
0.35333333333333333
0.35333333333333333
0.3
0.44
0.34
0.37333333333333335
0.36
0.3933333333333333
0.43333333333333335
0.36666666666666664
0.35333333333333333
0.35333333333333333
0.3
0.44
0.34
0.37333333333333335
0.36
0.3933333333333333
0.43333333333333335
0.36666666666666664
0.35333333333333333
0.35333333333333333
0.3
0.44
0.34
0.37333333333333335
0.36
0.3933333333333333
0.43333333333333335
0.36666666666666664
0.35333333333333333
0.35333333333333333
0.3
0.44
0.34
