0.5882352941176471
0.4411764705882353
0.5
0.5882352941176471
0.5588235294117647
0.6470588235294118
0.4117647058823529
0.5882352941176471
0.5
0.4411764705882353
0.4117647058823529
0.5
0.7058823529411765
0.5882352941176471
0.5882352941176471
0.5588235294117647
0.4411764705882353
0.6470588235294118
0.5
0.4117647058823529
0.5882352941176471
0.5
0.5588235294117647
0.4117647058823529
0.6470588235294118
0.7058823529411765
0.5882352941176471
0.4117647058823529
0.4411764705882353
0.5
0.5
0.4117647058823529
0.5882352941176471
0.7058823529411765
0.5588235294117647
0.5882352941176471
0.6470588235294118
0.4411764705882353
0.4117647058823529
0.5
0.5
0.5882352941176471
0.4117647058823529
0.5588235294117647
0.7058823529411765
0.6470588235294118
0.5882352941176471
0.4117647058823529
0.4411764705882353
0.5
0.5
0.5882352941176471
0.4117647058823529
0.5588235294117647
0.7058823529411765
0.6470588235294118
0.5882352941176471
0.4117647058823529
0.4411764705882353
0.5
0.5
0.4117647058823529
0.5882352941176471
0.7058823529411765
0.5588235294117647
0.5882352941176471
0.6470588235294118
0.4411764705882353
0.4117647058823529
0.5
0.5
0.5882352941176471
0.5588235294117647
0.4117647058823529
0.6470588235294118
0.7058823529411765
0.4117647058823529
0.5882352941176471
0.5
0.4411764705882353
0.4117647058823529
0.5
0.7058823529411765
0.5882352941176471
0.5882352941176471
0.5588235294117647
0.4411764705882353
0.6470588235294118
0.5
0.4117647058823529
0.5882352941176471
0.5
0.5588235294117647
0.4117647058823529
0.6470588235294118
0.4117647058823529
0.7058823529411765
0.5
0.5882352941176471
0.4117647058823529
0.4411764705882353
0.7058823529411765
0.5
0.5882352941176471
0.5882352941176471
0.4411764705882353
0.5588235294117647
0.5
0.6470588235294118
0.5882352941176471
0.4117647058823529
0.5588235294117647
0.5
0.6470588235294118
0.4117647058823529
0.4117647058823529
0.7058823529411765
0.5
0.5882352941176471
0.4117647058823529
0.7058823529411765
0.4411764705882353
0.5882352941176471
0.5
0.4411764705882353
0.5882352941176471
0.5
0.5588235294117647
0.5882352941176471
0.6470588235294118
0.5588235294117647
0.4117647058823529
0.6470588235294118
0.5
0.4117647058823529
0.4117647058823529
0.5
0.7058823529411765
0.4117647058823529
0.5882352941176471
0.7058823529411765
0.4411764705882353
0.5882352941176471
0.5
0.4411764705882353
0.5882352941176471
0.5
0.5882352941176471
0.5588235294117647
0.5588235294117647
0.6470588235294118
0.6470588235294118
0.4117647058823529
0.4117647058823529
0.5
0.5
0.4117647058823529
0.4117647058823529
0.7058823529411765
0.7058823529411765
0.5882352941176471
0.5882352941176471
0.4411764705882353
0.4411764705882353
0.5
0.5
0.5882352941176471
0.5882352941176471
0.5588235294117647
0.5588235294117647
0.6470588235294118
0.6470588235294118
0.4117647058823529
0.4117647058823529
0.5
0.5
0.4117647058823529
0.4117647058823529
0.7058823529411765
0.7058823529411765
0.5882352941176471
0.4411764705882353
0.5
0.5882352941176471
0.5588235294117647
0.6470588235294118
0.4117647058823529
0.5
0.4117647058823529
0.7058823529411765
0.5882352941176471
0.4411764705882353
0.5
0.5882352941176471
0.5588235294117647
0.6470588235294118
0.4117647058823529
0.5
0.4117647058823529
0.7058823529411765
0.5882352941176471
0.4411764705882353
0.5
0.5882352941176471
0.5588235294117647
0.6470588235294118
0.4117647058823529
0.5
0.4117647058823529
0.7058823529411765
0.5882352941176471
0.4411764705882353
0.5
0.5882352941176471
0.5588235294117647
0.6470588235294118
0.4117647058823529
0.5
0.4117647058823529
0.7058823529411765
0.5882352941176471
0.4411764705882353
0.5
0.5882352941176471
0.5588235294117647
0.6470588235294118
0.4117647058823529
0.5
0.4117647058823529
0.7058823529411765
0.5882352941176471
0.4411764705882353
0.5
0.5882352941176471
0.5588235294117647
0.6470588235294118
0.4117647058823529
0.5
0.4117647058823529
0.7058823529411765
0.5882352941176471
0.4411764705882353
0.5
0.5882352941176471
