0.31666666666666665
0.3333333333333333
0.35
0.2833333333333333
0.4166666666666667
0.35
0.4666666666666667
0.38333333333333336
0.21666666666666667
0.2
0.26666666666666666
0.31666666666666665
0.36666666666666664
0.31666666666666665
0.3333333333333333
0.2833333333333333
0.26666666666666666
0.26666666666666666
0.25000000000000006
0.31666666666666665
0.38333333333333336
0.26666666666666666
0.31666666666666665
0.3
0.35
0.26666666666666666
0.3
0.2
0.3
0.21666666666666667
0.31666666666666665
0.31666666666666665
0.36666666666666664
0.4166666666666667
0.4166666666666667
0.2833333333333333
0.31666666666666665
0.26666666666666666
0.3
0.31666666666666665
0.31666666666666665
0.3333333333333333
0.26666666666666666
0.31666666666666665
0.26666666666666666
0.11666666666666667
0.38333333333333336
0.31666666666666665
0.35
0.31666666666666665
0.26666666666666666
0.26666666666666666
0.26666666666666666
0.2
0.31666666666666665
0.35
0.3333333333333333
0.4
0.31666666666666665
0.16666666666666666
0.31666666666666665
0.31666666666666665
0.26666666666666666
0.21666666666666667
0.3
0.2833333333333333
0.3333333333333333
0.31666666666666665
0.23333333333333334
0.21666666666666667
0.43333333333333335
0.3
0.36666666666666664
0.3
0.36666666666666664
0.38333333333333336
0.36666666666666664
0.36666666666666664
0.21666666666666667
0.26666666666666666
0.25
0.26666666666666666
0.3
0.25
0.2
0.3
0.3
0.3333333333333333
0.2
0.16666666666666666
0.25
0.26666666666666666
0.3333333333333333
0.3333333333333333
0.21666666666666667
0.2833333333333333
0.23333333333333334
0.3
0.21666666666666667
0.16666666666666666
0.31666666666666665
0.3333333333333333
0.35
0.3333333333333333
0.31666666666666665
0.31666666666666665
0.3333333333333333
0.31666666666666665
0.3333333333333333
0.43333333333333335
0.4166666666666667
0.2833333333333333
0.3
0.4166666666666667
