0.7027027027027027
0.6936936936936937
0.6576576576576577
0.7657657657657657
0.6486486486486487
0.5855855855855856
0.7027027027027027
0.6936936936936937
0.6756756756756757
0.6396396396396397
0.6936936936936937
0.7207207207207207
0.6306306306306306
0.7117117117117117
0.6126126126126126
0.6216216216216216
0.6936936936936937
0.7207207207207207
0.6666666666666666
0.6936936936936937
0.7117117117117117
0.7117117117117117
0.6666666666666666
0.7567567567567568
0.6306306306306306
0.6756756756756757
0.7027027027027027
0.7207207207207207
0.6666666666666666
0.7657657657657657
