0.3333333333333333
0.26666666666666666
0.2833333333333333
0.25
0.2
0.3333333333333333
0.3
0.2833333333333333
0.26666666666666666
0.1
0.31666666666666665
0.35
0.31666666666666665
0.2
0.26666666666666666
0.2
0.21666666666666667
0.21666666666666667
0.18333333333333332
0.05
0.36666666666666664
0.4
0.38333333333333336
0.36666666666666664
0.3333333333333333
0.3333333333333333
0.35
0.3333333333333333
0.3
0.26666666666666666
0.2
0.26666666666666666
0.3333333333333333
0.25
0.25
0.35
0.3
0.2
0.18333333333333332
0.16666666666666666
0.18333333333333332
0.25
0.2833333333333333
0.26666666666666666
0.35
0.3333333333333333
0.26666666666666666
0.36666666666666664
0.31666666666666665
0.1
