0.4666666666666667
0.5133333333333333
0.4266666666666667
0.4266666666666667
0.47333333333333333
0.4866666666666667
0.4066666666666667
0.5
0.38666666666666666
0.44
0.34
0.43333333333333335
0.32666666666666666
0.34
0.2866666666666667
0.37333333333333335
0.3333333333333333
0.4
0.36
0.47333333333333333
0.26
0.44
0.3466666666666667
0.43333333333333335
0.4066666666666667
0.32666666666666666
0.26666666666666666
0.32666666666666666
0.3933333333333333
0.30666666666666664
0.5066666666666667
0.44666666666666666
0.4
0.36666666666666664
0.28
0.43333333333333335
0.35333333333333333
0.36666666666666664
0.3466666666666667
0.37333333333333335
