0.6837606837606838
0.6068376068376068
0.6324786324786325
0.7264957264957265
0.5470085470085471
0.5897435897435898
0.5726495726495726
0.6666666666666666
0.6666666666666666
0.6581196581196581
0.6324786324786325
0.6324786324786325
0.6324786324786325
0.6324786324786325
0.6666666666666666
0.6666666666666666
0.6666666666666666
0.6666666666666666
0.6752136752136753
0.6752136752136753
0.6752136752136753
0.6752136752136753
0.6495726495726496
0.6495726495726496
0.6495726495726496
0.6495726495726496
0.6324786324786325
0.6324786324786325
0.6324786324786325
0.6324786324786325
0.6324786324786325
0.6324786324786325
