0.6116504854368932
0.6820388349514563
0.6262135922330098
0.6213592233009708
0.6286407766990292
0.6699029126213593
0.6359223300970874
0.6699029126213593
0.5995145631067961
0.6529126213592233
0.6553398058252428
0.6504854368932039
0.6674757281553398
0.6723300970873787
0.6359223300970874
0.7038834951456311
0.6723300970873787
0.6383495145631068
0.633495145631068
0.6529126213592233
0.6383495145631068
0.6650485436893204
0.6407766990291263
0.6456310679611651
0.6504854368932039
0.6796116504854369
0.6286407766990292
0.6262135922330098
0.6432038834951457
