0.26666666666666666
0.2833333333333333
0.2833333333333333
0.26666666666666666
0.23333333333333334
0.26666666666666666
0.25
0.3
0.26666666666666666
0.13333333333333333
0.4166666666666667
0.2833333333333333
0.3333333333333333
0.31666666666666665
0.3
0.48333333333333334
0.25
0.3333333333333333
0.23333333333333334
0.21666666666666667
0.36666666666666664
0.3333333333333333
0.3333333333333333
0.2
0.26666666666666666
0.36666666666666664
0.26666666666666666
0.3333333333333333
0.3
0.25
0.21666666666666667
0.35
0.3
0.31666666666666665
0.3333333333333333
0.38333333333333336
0.23333333333333334
0.4
0.23333333333333334
0.16666666666666666
0.2833333333333333
0.35
0.3
0.35
0.23333333333333334
0.31666666666666665
0.25
0.26666666666666666
0.2833333333333333
0.26666666666666666
0.3
0.3
0.2833333333333333
0.16666666666666666
0.21666666666666667
0.23333333333333334
0.2833333333333333
0.3
0.21666666666666667
0.18333333333333332
0.3
0.2833333333333333
0.2833333333333333
0.26666666666666666
0.4
0.38333333333333336
0.38333333333333336
0.4
0.21666666666666667
0.2833333333333333
0.38333333333333336
0.43333333333333335
0.3333333333333333
0.38333333333333336
0.48333333333333334
0.3
0.36666666666666664
0.3
0.26666666666666666
0.3333333333333333
0.25
0.4166666666666667
0.4166666666666667
