0.52
0.5133333333333333
0.4533333333333333
0.42
0.47333333333333333
0.47333333333333333
0.36666666666666664
0.49333333333333335
0.43333333333333335
0.46
0.54
0.43333333333333335
0.47333333333333333
0.4866666666666667
0.4066666666666667
0.4266666666666667
0.4066666666666667
0.44
0.38
0.4666666666666667
0.38666666666666666
0.38666666666666666
0.47333333333333333
0.5
0.4266666666666667
0.46
0.4666666666666667
0.47333333333333333
0.4266666666666667
0.35333333333333333
0.46
0.47333333333333333
0.46
0.44
0.49333333333333335
0.37333333333333335
0.43333333333333335
0.43333333333333335
0.4666666666666667
0.4866666666666667
0.4533333333333333
