0.48
0.5066666666666667
0.46
0.2733333333333333
0.4
0.31333333333333335
0.4266666666666667
0.42
0.43333333333333335
0.42
0.4533333333333333
0.44
0.3466666666666667
0.4266666666666667
0.48
0.43333333333333335
0.48
0.4533333333333333
0.44
0.4
0.38666666666666666
0.41333333333333333
0.4533333333333333
0.4266666666666667
0.42
0.44666666666666666
0.35333333333333333
0.4533333333333333
0.44666666666666666
0.4866666666666667
0.5
0.44
0.46
0.36
0.42
0.44
0.3933333333333333
0.4266666666666667
0.5133333333333333
0.46
0.3933333333333333
0.36
0.4066666666666667
0.48
0.3933333333333333
0.4533333333333333
0.4066666666666667
0.47333333333333333
0.43333333333333335
0.5133333333333333
0.4866666666666667
0.5066666666666667
0.4266666666666667
0.36
0.5066666666666667
0.46
0.43333333333333335
0.49333333333333335
0.41333333333333333
0.46
0.5066666666666667
0.49333333333333335
0.46
0.38
0.49333333333333335
0.4066666666666667
0.44666666666666666
0.4533333333333333
0.3933333333333333
0.4533333333333333
0.46
