0.31666666666666665
0.31666666666666665
0.38333333333333336
0.3
0.31666666666666665
0.3
0.3
0.35
0.35
0.25
0.36666666666666664
0.4166666666666667
0.43333333333333335
0.31666666666666665
0.21666666666666667
0.4
0.3333333333333333
0.3
0.2833333333333333
0.15
0.38333333333333336
0.35
0.38333333333333336
0.3333333333333333
0.31666666666666665
0.3
0.31666666666666665
0.4166666666666667
0.26666666666666666
0.36666666666666664
0.4
0.3
0.31666666666666665
0.4166666666666667
0.38333333333333336
0.38333333333333336
0.26666666666666666
0.31666666666666665
0.2833333333333333
0.21666666666666667
0.25
0.45
0.2833333333333333
0.25000000000000006
0.3333333333333333
0.23333333333333334
0.25000000000000006
0.26666666666666666
0.3
0.3
0.2
0.2833333333333333
0.25
0.35
0.3333333333333333
0.23333333333333334
0.26666666666666666
0.25
0.4166666666666667
0.23333333333333334
0.31666666666666665
0.26666666666666666
0.4166666666666667
0.2833333333333333
0.26666666666666666
0.2833333333333333
0.16666666666666666
0.38333333333333336
0.26666666666666666
0.23333333333333334
0.1
0.38333333333333336
0.15
0.15
0.2833333333333333
0.31666666666666665
0.23333333333333334
0.25
0.25
0.38333333333333336
0.21666666666666667
0.2833333333333333
0.08333333333333333
0.3
0.25
0.4166666666666667
0.31666666666666665
0.3
0.16666666666666666
0.26666666666666666
