0.6111111111111112
0.7777777777777778
0.5555555555555556
0.7777777777777778
0.4444444444444444
0.6111111111111112
0.8333333333333334
0.5
0.7777777777777778
0.5
0.6111111111111112
0.7777777777777778
0.5555555555555556
0.7777777777777778
0.4444444444444444
0.6111111111111112
0.8333333333333334
0.5
0.7777777777777778
0.5
0.6111111111111112
0.7777777777777778
0.5555555555555556
0.7777777777777778
0.4444444444444444
0.6111111111111112
0.8333333333333334
0.5
0.7777777777777778
0.5
0.6111111111111112
0.7777777777777778
0.5555555555555556
0.7777777777777778
0.4444444444444444
0.6111111111111112
0.8333333333333334
0.5
0.7777777777777778
0.5
0.6111111111111112
0.7777777777777778
0.5555555555555556
0.7777777777777778
0.4444444444444444
0.6111111111111112
0.8333333333333334
0.5
0.7777777777777778
0.5
0.6111111111111112
0.7777777777777778
0.5555555555555556
0.7777777777777778
0.4444444444444444
0.6111111111111112
0.8333333333333334
0.5
0.7777777777777778
0.5
0.6111111111111112
0.7777777777777778
0.5555555555555556
0.7777777777777778
0.4444444444444444
0.6111111111111112
0.8333333333333334
0.5
0.7777777777777778
0.5
0.6111111111111112
0.7777777777777778
0.5555555555555556
0.7777777777777778
0.4444444444444444
0.6111111111111112
0.8333333333333334
0.5
0.7777777777777778
0.5
0.6111111111111112
0.7777777777777778
0.5555555555555556
0.7777777777777778
0.4444444444444444
0.6111111111111112
0.8333333333333334
0.5
0.7777777777777778
0.5
0.6111111111111112
0.7777777777777778
0.5555555555555556
0.7777777777777778
0.4444444444444444
0.6111111111111112
0.8333333333333334
0.5
0.7777777777777778
0.5
0.6111111111111112
0.7777777777777778
0.5555555555555556
0.7777777777777778
0.4444444444444444
0.6111111111111112
0.8333333333333334
0.5
0.7777777777777778
0.5
0.6111111111111112
0.7777777777777778
0.5555555555555556
0.7777777777777778
0.4444444444444444
0.6111111111111112
0.8333333333333334
0.5
0.7777777777777778
0.5
0.6111111111111112
0.7777777777777778
0.5555555555555556
0.7777777777777778
0.4444444444444444
0.6111111111111112
0.8333333333333334
0.5
0.7777777777777778
0.5
0.6111111111111112
0.7777777777777778
0.5555555555555556
0.7777777777777778
0.4444444444444444
0.6111111111111112
0.8333333333333334
0.5
0.7777777777777778
0.5
